0 0.071875 0.3984375 0.0609375 0.14765625
0 0.17265625 0.42421875 0.04609375 0.0890625
0 0.24296875 0.40234375 0.04765625 0.10625
0 0.33359375 0.409375 0.0671875 0.1328125
0 0.39296875 0.37421875 0.0390625 0.12578125
0 0.459375 0.378125 0.046875 0.12578125
0 0.54921875 0.3703125 0.0640625 0.1734375
0 0.603125 0.36953125 0.04609375 0.15546875
0 0.6765625 0.36875 0.05234375 0.13046875
0 0.76796875 0.38984375 0.059375 0.14609375
0 0.85625 0.40859375 0.0421875 0.13828125
0 0.90625 0.39140625 0.05625 0.15546875