0 0.35 0.24609375 0.02734375 0.0859375
0 0.39453125 0.22734375 0.03203125 0.11015625
0 0.365625 0.29375 0.02421875 0.05859375
0 0.48515625 0.2453125 0.02421875 0.084375
0 0.55390625 0.21171875 0.021875 0.10234375
0 0.65 0.31171875 0.03203125 0.0609375
0 0.684375 0.25390625 0.0234375 0.08984375
0 0.71796875 0.2578125 0.04453125 0.11328125
0 0.75703125 0.25234375 0.0296875 0.09296875
0 0.8140625 0.26015625 0.0265625 0.1046875
0 0.4578125 0.31953125 0.0375 0.04453125
0 0.5296875 0.2609375 0.04296875 0.07109375