0 0.6671875 0.4515625 0.03671875 0.075
0 0.81015625 0.53671875 0.0390625 0.08671875
0 0.6984375 0.30234375 0.0359375 0.05859375
0 0.61328125 0.38828125 0.0359375 0.08515625
0 0.46484375 0.425 0.0390625 0.109375
0 0.509375 0.33125 0.0421875 0.0875
0 0.37109375 0.3640625 0.04140625 0.08515625
0 0.440625 0.23984375 0.046875 0.09296875
0 0.22421875 0.41875 0.03359375 0.071875
0 0.3328125 0.3046875 0.0296875 0.0796875
0 0.17421875 0.315625 0.05 0.0796875
0 0.053125 0.38828125 0.04296875 0.07265625
0 0.140625 0.2515625 0.03828125 0.06171875
0 0.26875 0.2140625 0.05078125 0.08125
0 0.0171875 0.31015625 0.034375 0.08203125