0 0.46796875 0.9328125 0.06015625 0.11171875
0 0.8546875 0.09609375 0.05625 0.12578125
0 0.3625 0.10859375 0.0875 0.1546875
0 0.47890625 0.19296875 0.04296875 0.18359375
0 0.56875 0.365625 0.059375 0.15
0 0.8953125 0.371875 0.03828125 0.11796875
0 0.4609375 0.43203125 0.05234375 0.09296875
0 0.85078125 0.4765625 0.05 0.12421875
0 0.31953125 0.52734375 0.06328125 0.1015625
0 0.7296875 0.565625 0.0625 0.06015625
0 0.97109375 0.7 0.04765625 0.125
0 0.02421875 0.70078125 0.0484375 0.140625
0 0.77734375 0.81796875 0.0375 0.11484375
0 0.65546875 0.09765625 0.06015625 0.12421875
0 0.73125 0.071875 0.04765625 0.103125
0 0.53046875 0.21171875 0.05625 0.13515625
0 0.96953125 0.14453125 0.05078125 0.1359375