0 0.08515625 0.38828125 0.03359375 0.1234375
0 0.06328125 0.4875 0.028125 0.121875
0 0.046875 0.63359375 0.040625 0.17578125
0 0.28046875 0.6453125 0.0328125 0.1640625
0 0.2734375 0.4890625 0.03125 0.14765625
0 0.2765625 0.27109375 0.0234375 0.0875
0 0.43359375 0.21328125 0.025 0.1046875
0 0.4671875 0.3671875 0.03203125 0.1234375
0 0.50234375 0.48125 0.0328125 0.16328125
0 0.57265625 0.63984375 0.0375 0.2046875
0 0.6203125 0.221875 0.0421875 0.10625
0 0.78671875 0.20703125 0.0421875 0.103125
0 0.96796875 0.328125 0.0390625 0.14921875
0 0.70703125 0.35546875 0.03125 0.15546875
0 0.79296875 0.4984375 0.02890625 0.1171875
0 0.90078125 0.6609375 0.05859375 0.17265625
0 0.44921875 0.284375 0.0265625 0.0625