0 0.5640625 0.26796875 0.04140625 0.05546875
0 0.44765625 0.2625 0.02890625 0.0484375
0 0.29609375 0.30703125 0.03046875 0.04609375
0 0.35625 0.45625 0.03359375 0.08828125
0 0.23515625 0.46640625 0.04140625 0.07265625
0 0.33359375 0.7234375 0.03515625 0.18359375
0 0.17265625 0.75546875 0.03203125 0.128125
0 0.04921875 0.5421875 0.0421875 0.065625
0 0.075 0.31015625 0.0390625 0.05546875
0 0.1546875 0.19609375 0.02109375 0.06796875
0 0.51171875 0.52109375 0.04375 0.103125
0 0.43125 0.65703125 0.03515625 0.090625
0 0.5890625 0.74375 0.04609375 0.1078125
0 0.75546875 0.63671875 0.03984375 0.10234375
0 0.7703125 0.471875 0.03984375 0.0859375
0 0.89921875 0.4765625 0.04140625 0.0890625
0 0.87421875 0.78359375 0.04375 0.08046875
0 0.7796875 0.30703125 0.0328125 0.03515625
0 0.93046875 0.21640625 0.03203125 0.05703125