0 0.14921875 0.6296875 0.0484375 0.2359375
0 0.08125 0.63203125 0.028125 0.09140625
0 0.034375 0.7609375 0.02890625 0.1515625
0 0.025 0.515625 0.03515625 0.09296875
0 0.1109375 0.48515625 0.01875 0.04765625
0 0.225 0.47890625 0.015625 0.04453125
0 0.209375 0.58203125 0.02578125 0.0921875
0 0.37734375 0.51171875 0.025 0.084375
0 0.28671875 0.49765625 0.01875 0.05625
0 0.31484375 0.60078125 0.0234375 0.09765625
0 0.3453125 0.72265625 0.03125 0.1015625
0 0.26328125 0.74609375 0.03359375 0.19375
0 0.4328125 0.765625 0.02890625 0.14765625
0 0.425 0.471875 0.0171875 0.03515625
0 0.49453125 0.49140625 0.0140625 0.05703125
0 0.6140625 0.496875 0.01875 0.075
0 0.5671875 0.46875 0.009375 0.0390625
0 0.709375 0.49140625 0.015625 0.06328125
0 0.7703125 0.47265625 0.0109375 0.0421875
0 0.88671875 0.4796875 0.01484375 0.04375
0 0.97734375 0.5125 0.0171875 0.0875
0 0.67890625 0.59765625 0.025 0.10078125
0 0.5421875 0.55625 0.0265625 0.1125
0 0.44921875 0.55625 0.02421875 0.11328125
0 0.49296875 0.6921875 0.0234375 0.1109375
0 0.56015625 0.76171875 0.0359375 0.16953125
0 0.6484375 0.71953125 0.0296875 0.11171875
0 0.7859375 0.57578125 0.02890625 0.0953125
0 0.734375 0.74765625 0.04296875 0.21875
0 0.84765625 0.62890625 0.03828125 0.2375
0 0.91640625 0.6203125 0.028125 0.09765625
0 0.96640625 0.7484375 0.04296875 0.1375