0 0.1203125 0.09765625 0.0578125 0.1015625
0 0.12109375 0.33828125 0.05625 0.15703125
0 0.128125 0.58828125 0.06640625 0.1109375
0 0.121875 0.80078125 0.05625 0.12109375
0 0.32109375 0.33828125 0.06328125 0.13046875
0 0.31796875 0.59296875 0.06484375 0.065625
0 0.3234375 0.8 0.06875 0.103125
0 0.3203125 0.103125 0.05859375 0.07265625
0 0.5140625 0.09453125 0.071875 0.10703125
0 0.51640625 0.33984375 0.05 0.121875
0 0.515625 0.578125 0.0671875 0.10859375
0 0.52265625 0.79296875 0.07421875 0.10234375
0 0.69609375 0.090625 0.0671875 0.09375
0 0.7046875 0.340625 0.06953125 0.109375
0 0.696875 0.5734375 0.0578125 0.0953125
0 0.71484375 0.7921875 0.08046875 0.1171875
0 0.86328125 0.10546875 0.0609375 0.071875
0 0.86796875 0.34375 0.0609375 0.08671875
0 0.88671875 0.559375 0.05234375 0.11875
0 0.89609375 0.79296875 0.0671875 0.0953125