0 0.1421875 0.184375 0.06953125 0.17109375
0 0.27109375 0.1796875 0.0453125 0.16796875
0 0.42109375 0.178125 0.05546875 0.16875
0 0.5703125 0.1703125 0.05078125 0.17734375
0 0.7140625 0.17265625 0.05 0.17734375
0 0.8515625 0.171875 0.04609375 0.175
0 0.12734375 0.4234375 0.10234375 0.2109375
0 0.2953125 0.4453125 0.14375 0.21484375
0 0.453125 0.45390625 0.0640625 0.1390625
0 0.57578125 0.44765625 0.07109375 0.1484375
0 0.7234375 0.4546875 0.065625 0.13984375
0 0.83515625 0.44296875 0.071875 0.15859375
0 0.134375 0.73125 0.05546875 0.221875
0 0.28828125 0.71875 0.0515625 0.19375
0 0.4453125 0.71640625 0.04765625 0.18203125
0 0.60546875 0.721875 0.046875 0.18046875
0 0.72890625 0.7421875 0.065625 0.0984375
0 0.8765625 0.7359375 0.06953125 0.10859375