0 0.18125 0.178125 0.07578125 0.16875
0 0.1859375 0.3921875 0.0671875 0.115625
0 0.1828125 0.59453125 0.07109375 0.1171875
0 0.17734375 0.77421875 0.07734375 0.084375
0 0.39296875 0.79296875 0.0625 0.0984375
0 0.39140625 0.56953125 0.06171875 0.12578125
0 0.4015625 0.38984375 0.0578125 0.1203125
0 0.4171875 0.16640625 0.08671875 0.16640625
0 0.6421875 0.17265625 0.08203125 0.1734375
0 0.628125 0.4015625 0.05 0.140625
0 0.63359375 0.59375 0.05 0.12890625
0 0.62265625 0.79296875 0.05625 0.07578125
0 0.8296875 0.7796875 0.06171875 0.17265625
0 0.834375 0.56796875 0.0671875 0.11640625
0 0.82578125 0.384375 0.05390625 0.10625
0 0.82734375 0.184375 0.046875 0.11953125