0 0.13671875 0.6890625 0.03046875 0.07890625
0 0.09296875 0.534375 0.0296875 0.07265625
0 0.24609375 0.4359375 0.02265625 0.053125
0 0.43671875 0.32421875 0.03515625 0.0578125
0 0.278125 0.2765625 0.02890625 0.06015625
0 0.221875 0.21953125 0.028125 0.059375
0 0.15625 0.18984375 0.01953125 0.0421875
0 0.08984375 0.29765625 0.021875 0.053125
0 0.03125 0.4109375 0.028125 0.05859375
0 0.08828125 0.22734375 0.0265625 0.053125
0 0.59296875 0.190625 0.03125 0.05703125
0 0.728125 0.0640625 0.0265625 0.04921875
0 0.515625 0.08671875 0.02265625 0.040625
0 0.4734375 0.13671875 0.03046875 0.03984375
0 0.41171875 0.2203125 0.03203125 0.05390625
0 0.315625 0.184375 0.0265625 0.05703125
0 0.18515625 0.075 0.01953125 0.04921875
0 0.41953125 0.04140625 0.025 0.05390625
0 0.375 0.09140625 0.02734375 0.04921875
0 0.30703125 0.12421875 0.0328125 0.06015625
0 0.23359375 0.04296875 0.01953125 0.04375
0 0.06328125 0.1453125 0.0265625 0.0640625
0 0.06953125 0.05546875 0.01796875 0.0421875
0 0.1734375 0.1171875 0.01953125 0.0390625
0 0.046875 0.1 0.01796875 0.04375
0 0.15390625 0.3328125 0.03515625 0.065625