0 0.3921875 0.05 0.0328125 0.0671875
0 0.34375 0.609375 0.0484375 0.0984375
0 0.1015625 0.71328125 0.04296875 0.0890625
0 0.45546875 0.7015625 0.06640625 0.10078125
0 0.5453125 0.57265625 0.04296875 0.12578125
0 0.66875 0.38984375 0.03828125 0.11796875
0 0.77421875 0.61953125 0.034375 0.0859375
0 0.74921875 0.75 0.06328125 0.12734375
0 0.925 0.69765625 0.04765625 0.08671875
0 0.84765625 0.5140625 0.03671875 0.0609375
0 0.95234375 0.415625 0.0359375 0.08046875
0 0.8234375 0.3703125 0.0203125 0.04296875
0 0.93515625 0.23515625 0.04453125 0.075
0 0.92421875 0.1328125 0.03515625 0.06171875
0 0.8078125 0.1703125 0.0484375 0.05078125
0 0.7 0.0734375 0.02890625 0.0421875
0 0.84765625 0.1046875 0.03359375 0.05078125