0 0.05703125 0.06796875 0.03515625 0.05234375
0 0.05234375 0.21328125 0.02734375 0.1109375
0 0.05859375 0.42265625 0.034375 0.075
0 0.07890625 0.63203125 0.04375 0.053125
0 0.134375 0.24609375 0.05390625 0.05078125
0 0.1375 0.05 0.028125 0.08359375
0 0.22265625 0.22109375 0.028125 0.08828125
0 0.20859375 0.046875 0.02109375 0.06796875
0 0.284375 0.05234375 0.03515625 0.07578125
0 0.36796875 0.07265625 0.034375 0.0421875
0 0.434375 0.059375 0.05234375 0.07265625
0 0.4109375 0.24921875 0.05 0.040625
0 0.47265625 0.20859375 0.025 0.0859375
0 0.553125 0.2265625 0.02734375 0.0734375
0 0.63515625 0.2484375 0.03046875 0.04609375
0 0.1640625 0.43671875 0.04609375 0.06484375
0 0.10859375 0.803125 0.03515625 0.08046875
0 0.1765625 0.6140625 0.03359375 0.07578125
0 0.228125 0.61328125 0.034375 0.08359375
0 0.34140625 0.59921875 0.028125 0.1046875
0 0.24140625 0.43046875 0.03828125 0.08828125
0 0.315625 0.434375 0.034375 0.06015625
0 0.40859375 0.42578125 0.04765625 0.0890625
0 0.53828125 0.4140625 0.04296875 0.09375
0 0.52890625 0.07421875 0.021875 0.0453125
0 0.625 0.07890625 0.03828125 0.04453125
0 0.7 0.08125 0.0453125 0.0546875
0 0.85625 0.0734375 0.034375 0.05
0 0.946875 0.08515625 0.02421875 0.03671875
0 0.9359375 0.2375 0.03046875 0.0890625
0 0.8796875 0.23671875 0.03671875 0.06171875
0 0.8078125 0.22578125 0.0421875 0.06875
0 0.7234375 0.21953125 0.03203125 0.090625
0 0.5921875 0.40625 0.0328125 0.09765625
0 0.6765625 0.41953125 0.0296875 0.06953125
0 0.7359375 0.415625 0.05 0.084375
0 0.846875 0.44765625 0.0390625 0.0328125
0 0.93046875 0.42734375 0.06171875 0.05859375
0 0.434375 0.6015625 0.03125 0.0703125
0 0.515625 0.64296875 0.04765625 0.071875
0 0.58515625 0.59453125 0.03984375 0.08828125
0 0.6578125 0.5953125 0.0375 0.0734375
0 0.76484375 0.58828125 0.03125 0.0828125
0 0.82109375 0.61953125 0.07109375 0.05
0 0.921875 0.58515625 0.046875 0.0984375
0 0.1859375 0.7984375 0.0390625 0.08125
0 0.2578125 0.81796875 0.04296875 0.0453125
0 0.3390625 0.82578125 0.02734375 0.0515625
0 0.4671875 0.8203125 0.02734375 0.04609375
0 0.68046875 0.8 0.03828125 0.10234375
0 0.54140625 0.8171875 0.01796875 0.046875
0 0.76015625 0.8234375 0.0484375 0.04609375
0 0.84765625 0.81953125 0.05859375 0.07734375
0 0.95 0.81953125 0.0515625 0.08671875