0 0.11640625 0.13125 0.04375 0.06171875
0 0.10546875 0.31171875 0.05703125 0.071875
0 0.1015625 0.5125 0.071875 0.18359375
0 0.10625 0.77890625 0.071875 0.18046875
0 0.45390625 0.51015625 0.07265625 0.171875
0 0.84921875 0.49921875 0.09140625 0.17734375
0 0.6453125 0.50859375 0.078125 0.17578125
0 0.65234375 0.76796875 0.0875 0.18203125
0 0.4546875 0.78203125 0.084375 0.15546875
0 0.28203125 0.77578125 0.08046875 0.16171875
0 0.275 0.5109375 0.08046875 0.17109375
0 0.278125 0.30625 0.0546875 0.07734375
0 0.2765625 0.11875 0.0703125 0.065625
0 0.4609375 0.11875 0.0609375 0.075
0 0.61640625 0.1109375 0.09609375 0.0796875
0 0.84140625 0.11171875 0.09765625 0.08046875
0 0.4625 0.303125 0.05078125 0.0765625
0 0.6453125 0.2953125 0.0609375 0.0875
0 0.83984375 0.29296875 0.05859375 0.1078125
0 0.8578125 0.765625 0.08203125 0.17734375