0 0.75703125 0.1609375 0.075 0.17265625
0 0.85546875 0.3109375 0.07421875 0.1640625
0 0.72734375 0.42578125 0.05390625 0.1625
0 0.625 0.11484375 0.078125 0.1046875
0 0.634375 0.26640625 0.07890625 0.10234375
0 0.12890625 0.27265625 0.05 0.134375
0 0.5875 0.3140625 0.065625 0.1109375
0 0.50546875 0.1859375 0.06015625 0.1375
0 0.2953125 0.18359375 0.05625 0.1328125
0 0.3625 0.25078125 0.0515625 0.11484375
0 0.18671875 0.43046875 0.078125 0.18046875
0 0.37578125 0.3390625 0.05390625 0.08828125
0 0.440625 0.44296875 0.0578125 0.146875